------------------------------------------------------------------------------
| K = 1 | Percent: 25.0 % | Normalization: min_max | Distance: euclidean |

| Hit rate: 87.2 %, error rate: 12.80 % |

confusion_matrix: 
[93, 0, 0, 2, 0, 2, 0, 0, 0, 3]
[1, 87, 1, 1, 0, 3, 0, 0, 3, 4]
[0, 2, 81, 10, 0, 1, 2, 0, 4, 0]
[2, 0, 10, 82, 1, 1, 1, 0, 0, 3]
[0, 0, 0, 0, 95, 2, 1, 0, 1, 1]
[0, 0, 1, 2, 0, 94, 1, 0, 0, 2]
[0, 0, 0, 1, 0, 3, 96, 0, 0, 0]
[0, 0, 0, 1, 1, 0, 0, 96, 0, 2]
[8, 1, 5, 1, 0, 8, 1, 0, 66, 10]
[0, 1, 0, 0, 4, 1, 0, 7, 5, 82]

--------------------------------------------------------------------------
------------------------------------------------------------------------------
| K = 3 | Percent: 25.0 % | Normalization: min_max | Distance: euclidean |

| Hit rate: 84.89999999999999 %, error rate: 15.10 % |

confusion_matrix: 
[94, 0, 2, 0, 0, 2, 0, 1, 0, 1]
[0, 86, 4, 1, 0, 2, 0, 0, 4, 3]
[0, 1, 82, 8, 0, 2, 3, 0, 4, 0]
[1, 0, 12, 77, 1, 0, 3, 1, 0, 5]
[0, 0, 0, 1, 94, 0, 1, 0, 2, 2]
[0, 1, 0, 2, 1, 93, 0, 0, 0, 3]
[0, 1, 1, 0, 0, 2, 96, 0, 0, 0]
[0, 0, 0, 0, 0, 1, 0, 88, 1, 10]
[11, 4, 4, 5, 2, 3, 1, 0, 65, 5]
[0, 0, 1, 0, 3, 1, 0, 7, 14, 74]

--------------------------------------------------------------------------
